11.3196156064
19.8593789239
11.6701254085
10.7910823592
9.7366845323
11.7975901298
9.1636125001
10.6417489260
11.9415928476
10.0755171228
11.8693215573
11.4048057734
8.4580471687
11.4166510879
10.8614153555
10.6449261669
10.9077166837
11.8407900878
10.0015782611
7.8587788729
10.2543560544
11.3646685525
10.6988309521
12.1874890402
10.0361303783
11.2533172958
11.0828512597
10.4206198141
11.7802427901
11.7206234368
0.0000000000
0.0000000000
0.0000000000
0.0000000000
0.0000000000
0.0000000000
0.0000000000
0.0000000000
0.0000000000
0.0000000000
0.0000000000
0.0000000000
0.0000000000
0.0000000000
0.0000000000
0.0000000000
0.0000000000
0.0000000000
0.0000000000
0.0000000000
0.0000000000
0.0000000000
0.0000000000
0.0000000000
0.0000000000
0.0000000000
0.0000000000
0.0000000000
0.0000000000
0.0000000000
0.0000000000
0.0000000000
0.0000000000
0.0000000000
0.0000000000
0.0000000000
0.0000000000
0.0000000000
0.0000000000
0.0000000000
0.0000000000
0.0000000000
0.0000000000
0.0000000000
0.0000000000
0.0000000000
0.0000000000
0.0000000000
0.0000000000
0.0000000000
0.0000000000
0.0000000000
0.0000000000
0.0000000000
0.0000000000
0.0000000000
0.0000000000
0.0000000000
0.0000000000
0.0000000000
