0.1008451463
0.0614528006
0.0344673134
0.0959617212
0.0761688131
0.0442828731
0.0713149551
0.0393186869
0.0934098019
0.0688562510
0.0368721274
0.0246100296
0.0565990210
0.0860334836
0.1205056423
0.0811575773
0.0369557211
0.0294811240
0.0221561437
0.0270174201
0.0172410209
0.0418338751
0.0319423675
0.0320134277
0.0639484277
0.0369187536
0.0394168444
0.0860579274
0.0295521837
0.0368721274
0.0614650325
0.0713712990
0.0393628425
0.0934933111
0.0393629132
0.0516470210
0.0516445307
0.0566038599
0.0934024305
0.1033480699
0.0885339604
0.0344011544
0.0885584261
0.0491931141
0.0910983579
0.0393824576
0.0368574882
0.1648350239
0.0418338751
0.0689468972
0.0246100296
0.1205815252
0.0590233842
0.0541426871
0.0590037895
0.1057308037
0.0812531991
0.0663974648
0.0639779234
0.0541278283
0.1303750496
0.0959398789
0.1820295296
0.0688659591
0.1475743955
0.0860382882
0.1082288842
0.0787135513
0.1353393571
0.3960013069
0.4205962214
0.0516617051
0.0418462211
0.0762349838
0.1279580224
0.2116160668
0.1673381870
0.1745842933
0.1600158666
0.1303897135
0.1697108267
0.1008475117
0.0836850842
0.0344624042
0.4483777311
0.1229938057
0.1009136821
0.1794871774
0.1033233495
0.0639287063
0.7413999612
2.0731254123
2.1123717838
1.0398152630
1.2493307219
0.3664401520
0.4860270263
1.1442749920
0.1755652680
0.4309621969
2.1114305714
0.7092127512
1.9272577790
0.8139773130
1.5490573474
0.6880031681
0.2513591085
1.5901711171
4.5027618535
0.5363061343
1.6817410734
3.4476945899
1.8065976536
1.8743357663
0.3923038050
2.8874427242
2.8751300200
1.1357144908
1.2036624986
0.5412104987
