6.0934032296
6.5480046513
10.8401675333
7.5641451594
10.4363353488
7.1808219038
11.2091242353
8.3226722202
8.4102366419
10.6102655333
10.0463218004
8.7241011044
10.8839646836
5.0064790785
5.5174807299
8.7289816115
8.6579757659
7.0426015337
8.4893682720
4.3824367725
7.3726214631
9.0782079634
12.1644597727
10.4279564912
12.9543248314
13.5731572904
5.6825014427
12.0531828180
6.1610126650
6.7512112480
0.0615140782
0.0442779711
0.0417628115
0.0442975790
0.0467588226
0.1254477472
0.0246370611
0.0368721274
0.0590650810
0.1032744722
0.0123160725
0.0811256629
0.0738032381
0.0368721274
0.0884971347
0.0344771317
0.0467147710
0.0737958080
0.0664440167
0.0762130242
0.0884897969
0.0517034226
0.0368574882
0.1229962307
0.0762399312
0.0221512420
0.0836628730
0.0935176433
0.0565645977
0.0344771317
0.0836628928
0.0713321045
0.1131687099
0.0983937616
0.0516200939
0.0688880553
0.0319570288
0.0860603397
0.0442975790
0.0442828731
0.0492078204
0.0073960403
0.1600624609
0.0860456982
0.0270174201
0.1500995103
0.0565474563
0.0541548999
0.0713492500
0.0590504192
0.0688781872
0.0393530684
0.0467245306
0.1205645211
0.1132863153
0.0713247452
0.0935031015
0.1402594920
0.0344673134
0.0885413090
