0.2751345307
0.5959861221
0.8718660033
1.1123352831
1.1781161945
0.7546686776
1.4004150931
0.7536046174
0.7693496138
0.5733735499
0.5022980724
0.7607496437
1.3033290184
0.0000000000
0.4666438121
1.0384876987
0.7679617001
1.2573813590
0.8196729273
0.9936209915
0.7064469930
0.5318133689
0.9282432854
0.2712322768
0.9013408240
0.1938790522
0.4525844229
0.9374820198
0.9246067900
0.8635416309
0.0098572846
0.0123160725
0.0000000000
0.0147724077
0.0172410209
0.0295521837
0.0196973560
0.0247201865
0.0000000000
0.0147724077
0.0073960403
0.0073960403
0.0196973560
0.0246370611
0.0492569010
0.0000000000
0.0000000000
0.0196973560
0.0320355614
0.0073960403
0.0196973560
0.0246370611
0.0172410209
0.0197194892
0.0147724077
0.0147724077
0.0344771317
0.0073960403
0.0123160725
0.0196973560
0.0295521837
0.0098572846
0.0172410209
0.0665323727
0.0147724077
0.0295521837
0.0147797768
0.0147797768
0.0000000000
0.0221561437
0.0000000000
0.0295521837
0.0196973560
0.0271056928
0.0073960403
0.0172410209
0.0320134277
0.0172361119
0.0123160725
0.0073960403
0.0172361119
0.0147797768
0.0123160725
0.0443442418
0.0098572846
0.0221561437
0.0172410209
0.0295521837
0.0221561437
0.0295620279
