3.4630704015
2.7679093745
1.6356097487
1.9296248499
2.0445454637
2.0861504796
2.2321187193
3.7581985228
4.3091954144
0.0266877827
3.1467825969
2.7730523518
3.1223720810
1.6542758369
1.5883944810
1.9855749769
3.6599610150
4.9027950401
5.4869687990
0.0200289924
3.4093245614
3.5467708217
2.8364068535
0.8182344944
2.8275288575
2.5266982919
3.9989124825
0.4779091476
2.4350417922
2.5262190264
0.0000000000
0.0000000000
0.0000000000
0.0000000000
0.0000000000
0.0000000000
0.0000000000
0.0000000000
0.0000000000
0.0000000000
0.0000000000
0.0000000000
0.0000000000
0.0000000000
0.0000000000
0.0000000000
0.0000000000
0.0000000000
0.0000000000
0.0000000000
0.0000000000
0.0000000000
0.0000000000
0.0000000000
0.0000000000
0.0000000000
0.0000000000
0.0000000000
0.0000000000
0.0000000000
0.0000000000
0.0000000000
0.0000000000
0.0000000000
0.0000000000
0.0000000000
0.0000000000
0.0000000000
0.0000000000
0.0000000000
0.0000000000
0.0000000000
0.0000000000
0.0000000000
0.0000000000
0.0000000000
0.0000000000
0.0000000000
0.0000000000
0.0000000000
0.0000000000
0.0000000000
0.0000000000
0.0000000000
0.0000000000
0.0000000000
0.0000000000
0.0000000000
0.0000000000
0.0000000000
