0.0123160725
0.0246370611
0.0147724077
0.0147724077
0.0000000000
0.0098572846
0.0147797768
0.0246370611
0.0172410209
0.0147797768
0.0098572846
0.0295521837
0.0000000000
0.0123160725
0.0295521837
0.0221561437
0.0270933961
0.0221561437
0.0172410209
0.0295521837
0.0221561437
0.0073960403
0.0295521837
0.0123160725
0.0197194892
0.0320134277
0.0000000000
0.0123160725
0.0123209889
0.0172410209
0.0123209889
0.0147797768
0.0221561437
0.0073960403
0.0418805378
0.0246370611
0.0098572846
0.0123209889
0.0270933961
0.0148981118
0.0320355614
0.0147797768
0.0147724077
0.0147731862
0.0172410209
0.0270933961
0.0123160725
0.0221561437
0.0147797768
0.0320208155
0.0147797768
0.0123209889
0.0147797768
0.0098572846
0.0147724077
0.0123209889
0.0418805378
0.0344771317
0.0098572846
0.0098572846
0.0147797768
0.0172361119
0.0123209889
0.0468005765
0.0123209889
0.0246370611
0.0196973560
0.0073960403
0.0000000000
0.0147724077
0.0073960403
0.0221561437
0.0270933961
0.0172410209
0.0098572846
0.0073960403
0.0468005765
0.0196973833
0.0123160725
0.0123160725
0.0246370611
0.0123209889
0.0172361119
0.0172410209
0.0098572846
0.0098572846
0.0147724077
0.0098572846
0.0443368725
0.0295521837
0.0295521837
0.0147724077
0.0295521837
0.0000000000
0.0172361119
0.0098572846
0.0000000000
0.0073960403
0.0172361119
0.0147724077
0.0320454164
0.0073960403
0.0163947722
0.0172361119
0.0172410209
0.0098572846
0.0123160725
0.0246370611
0.0320134277
0.0246370804
0.0246370611
0.0172410209
0.0246444487
0.0077008366
0.0271007838
0.0172361119
0.0123160725
0.0246370611
0.0123210070
0.0123209889
