0.0098572846
0.0172410209
0.0123160725
0.0147797768
0.0172361119
0.0246370611
0.0073960403
0.0197216042
0.0147724077
0.0344771317
0.0073960403
0.0221561437
0.0123209889
0.0123209889
0.0000000000
0.0073960403
0.0221561437
0.0073960403
0.0123209889
0.0000000000
0.0295521837
0.0246370611
0.0098572846
0.0221562892
0.0418756319
0.0467956572
0.0073960403
0.0295521837
0.0295521837
0.0098572846
0.0344771317
0.0123209889
0.0073960403
0.0098572846
0.0320134277
0.0147724077
0.0123209889
0.0861854571
0.0344771317
0.0197194892
0.0147724077
0.0295521837
0.0147724077
0.0172361119
0.0418756319
0.0246370611
0.0196973560
0.0098572846
0.0295521837
0.0295866286
0.0123209889
0.0246370611
0.0000000000
0.0738620136
0.0271253844
0.0000000000
0.0197194892
0.0073960403
0.0197194892
0.0320355614
0.0271056928
0.1575665368
0.1207142001
0.1280807515
0.0443418035
0.1108102214
0.2045761853
0.1206748556
0.1380660000
0.1404927816
0.0738694022
0.0172361119
0.1207535655
0.0271056928
0.0517649051
0.3030482465
0.0517329157
0.0813343187
0.0664930097
0.0615852792
0.1157990930
0.1232419037
0.0098572846
0.0714499198
0.0147724077
0.0862592631
0.0862617160
0.1256244288
0.0517649051
0.1255850609
0.0493061174
0.0764191975
0.0837807797
0.1256613257
0.1108913790
0.2538453281
0.0517206090
0.4582297708
0.1650928718
0.1995728541
0.1108987809
0.1304707161
0.2217532784
0.2020411189
0.2562919152
0.1798432037
0.1109209455
0.2389869166
0.0887205032
0.0443664048
0.3104368032
0.1920559344
0.1306576776
0.3176630174
0.2266436660
0.4953642872
0.4654680904
0.2513669527
0.0295620279
0.1675988355
