0.0591191050
0.0516200939
0.0393629132
0.0147797768
0.0737884934
0.1646537924
0.1009114842
0.0713542418
0.0418338751
0.0541548622
0.0714106010
0.0885782036
0.0614528006
0.0541180388
0.0860751972
0.0270174201
0.0884922168
0.0320159138
0.1032842486
0.0983985172
0.0935128620
0.1033013700
0.0246370611
0.0565868123
0.0958882961
0.1206232717
0.0590577445
0.1058631859
0.0442975790
0.0369236480
0.0713321045
0.0492471292
0.0737663927
0.0566038599
0.0516249664
0.0147797768
0.0294982417
0.1597873855
0.0270933961
0.0442780157
0.0737958080
0.0172410209
0.0565400860
0.0615387452
0.0688708616
0.1230651395
0.0910686474
0.0418167275
0.0491931365
0.0787233086
0.0934833115
0.0615140782
0.0393677519
0.0639287063
0.0909460989
0.0615508550
0.0663360873
0.1156101133
0.0196899980
0.0860751972
0.0295178045
0.0073960403
0.0909754572
0.0638944704
0.0246370611
0.0491735576
0.0270614700
0.0565156482
0.0492078204
0.0712854724
0.0443664048
0.0369187536
0.0540984597
0.0615387452
0.0467440943
0.0517206076
0.0590086771
0.0614307670
0.0614945437
0.0639238187
0.0369138443
0.0738202957
0.0393113727
0.0737884934
0.0837268002
0.0270933961
0.0687997906
0.0787011069
0.0737295945
0.0565768255
0.0467147710
0.0836628730
0.0614576732
0.0402320066
0.0517034226
0.0196777346
0.0369163994
0.1210914729
0.1082410951
0.0811257038
0.0590160362
0.0393824576
0.0491930918
0.0491759695
0.0491931141
0.1032621939
0.0615043035
0.0467074121
0.1255092609
0.1081895966
0.0811501022
0.0860408027
0.0614381376
0.0614970301
0.1106434404
0.1033308806
0.0541868011
0.0737957633
0.0418240861
0.0516567955
0.1747217107
0.0959398678
0.0786693008
0.0418315215
0.0689028033
0.0738175771
0.0467921184
0.0516567955
0.0885227911
0.0861412813
0.0861416883
0.1058118192
0.0590578078
0.0959544844
0.0935520685
0.1598856308
0.0196974703
0.2555691213
0.0591486293
0.0981911006
0.0737393553
0.1869077322
0.0442706462
0.0590162126
0.0680174896
0.1721677333
0.0418167371
0.0639827101
0.1032941924
0.0442706459
0.5630603379
0.7017839872
0.8034714535
0.4683240056
0.6987661733
0.8522849542
0.6194110593
0.7601007642
0.6168811120
0.2796586122
1.0258350958
0.6661738669
0.6466490030
0.9690329326
0.9868596170
0.8094333319
0.9699897813
0.9052943741
0.8587429598
0.9172111813
0.5856385405
0.6595313899
0.8153901277
1.0237327353
0.7711329523
0.7922876208
0.7066722988
0.8494613781
0.7623736049
0.7171391154
